48
34
42
10
36
30
12
31
38
1
37
9
16
26
20
23
13
5
39
14
4
32
21
17
22
6
7
19
8
62
69
41
10
18
15
11
27
53
25
9
29
83
12
13
28
14
33
16
46
30
24
38
17
39
93
19
20
21
22
26
23
35
31
36
34
25
27
29
47
37
40
41
43
42
44
46
67
38
45
39
48
71
60
49
50
52
56
54
59
62
95
64
66
93
80
79
81
88
91
83
100
77
84
87
126
114
120
99
101
102
106
136
141
121
143
236
145
379
187
157
156
199
243
160
219
161
164
232
188
205
331
282
320
203
245
227
257
407
346
664
301
302
451
313
317
435
393
348
321
325
349
352
574
391
634
797
430
700
502
575
648
582
1130
923
603
1316
615
630
1623
638
743
646
755
670
967
779
1188
821
893
932
1564
1060
1666
1213
1157
1185
1931
1261
1370
1401
1245
1253
1276
1284
1308
1687
1316
1425
1449
1600
1672
1714
2583
2138
2193
2872
2217
2342
2438
2402
2430
2498
2959
2521
2529
2537
2569
3810
2592
3272
2988
2741
4121
5120
4038
3889
7558
4331
7462
4832
4559
6152
4744
4840
10127
4928
5019
5050
5058
5278
5129
5161
6798
5333
12582
9303
15020
8452
7927
8220
11210
9163
9350
9391
9688
13292
9584
9672
9890
9947
9978
10069
14862
16379
15108
21188
10494
14636
19653
17090
16147
16672
20078
17277
17383
20898
18934
18741
19868
19272
20441
19256
28824
19837
20016
28810
20563
30147
26873
26641
25130
39884
37653
32819
35944
35403
33949
34660
36018
36124
37675
75328
52075
60447
45897
64842
39272
62765
39853
40579
52003
56788
62585
51771
57949
98100
73221
66768
67479
119373
68609
102685
91448
122791
106621
192594
79125
79851
91275
80432
91043
149224
91624
91856
143451
200239
114356
109720
118539
124717
135377
146604
134247
309959
147734
170749
238062
273941
237879
158976
159557
170894
160283
171475
182667
274291
183480
201344
201576
224076
232895
228259
373256
243256
258964
294338
280851
434239
306710
318483
402813
434574
456958
318533
721296
478040
519877
331758
354142
384824
385056
407556
539605
425652
597398
565674
549966
637016
502220
703307
575189
587561
625193
734571
819630
1050845
951540
650291
1156893
685900
716582
779794
935022
960013
950730
1402482
1474627
1023050
927872
1052186
1067894
1077409
1420471
1089781
1726357
1162750
1212754
1384862
1430085
2070762
1465694
1336191
2027907
2474643
1620922
2146667
2488744
2380484
1878602
1950922
2129595
1980058
1995766
2264940
2482271
2497880
2167190
3867133
2302535
2628444
2498941
3874368
3883803
3858660
2801885
4181137
2957113
3788112
4376482
3600980
4432130
3829524
3930980
4125361
3946688
5758998
5259648
5104420
4567475
4469725
4666131
4795634
7369360
4801476
7977462
7906305
6402865
13736460
6558093
6589997
8127825
6786637
21642765
8070705
7430504
7760504
14717822
7877668
9900054
8416413
9037200
15638172
9135856
9233606
12376030
9461765
9597110
11359569
11204341
14819278
12960958
19120073
21088783
13148090
13376634
14547141
14857342
15191008
15948373
15846917
16176917
30704259
17474778
24757396
17453613
18173056
18369462
18597621
31330420
19058875
20666106
31558579
22563910
24352431
26337592
26109048
30048350
42285965
26524724
35523448
53696504
34121429
33630530
31795290
36513023
33651695
41622785
34928391
44697780
35626669
36542518
36967083
37656496
72490531
39724981
43230016
56685339
77809413
72593752
52446640
86733689
56573074
68762373
63491807
65425820
70618778
104740207
65446985
66723681
72139692
88989158
101148303
170187192
94229570
72169187
198969777
95676656
123065418
105171966
82954997
128854526
109019714
115938447
137616172
128917627
128712766
120064881
137565512
161158345
130872805
132170666
138892868
195234605
138863373
144308879
155124184
166398757
221110413
300051213
177341153
188126963
251983045
191974711
203019878
341883251